0,369
0,366
0,363
0,360
0,358
0,451
0,450
0,354
0,353
0,449
0,448
0,447
46,3
44,3
0,346
0,344
77,3
77,2
77,1
77,0
0,395
0,446
76,3
76,2
0,341
76,1
76,0
0,340
0,342
75,3
75,2
0,307
75,1
75,0
0,390
0,389
0,388
0,386
0,384
0,383
0,382
0,381
0,380
0,379
0,378
0,377
0,393
0,392
74,3
74,2
0,297
74,1
74,0
73,3
73,2
0,291
73,1
73,0
72,3
72,2
0,285
72,1
72,0
0,334
0,335
0,313
71,3
71,2
0,279
71,1
71,0
0,331
0,339
0,330
70,3
70,2
0,309
70,1
70,0
0,329
0,328
69,3
69,2
0,299
0,327
69,1
69,0
0,324
0,326
0,325
0,338
0,337
68,3
68,2
0,293
0,323
68,1
68,0
0,319
0,321
0,320
0,318
0,317
67,3
67,2
0,287
0,316
67,1
67,0
0,336
0,283
0,282
66,3
66,2
0,281
66,1
66,0
0,333
0,312
0,332
65,3
65,2
0,445
65,1
65,0
0,444
0,443
0,442
64,3
64,2
64,1
64,0
0,441
63,3
63,2
63,1
63,0
0,440
0,439
62,3
62,2
0,438
62,1
62,0
0,437
61,3
61,2
61,1
61,0
0,436
0,435
0,434
60,3
